tilemap1.png 6 4 64 64
12
12
13
15 15
0 5 12 0 13 5 5 5 5 5 5 5 5 5 5
5 0c 0 0 13 0c 0 0 13 13 13 0 0 0c 5
12 12 12 0 5 5 12 5 5 5 13 0 12 0 5
5 0 0c 0 5 0 0 0c 12 0 13 0 12 0 5
5 13 13 0 5 13 12 5 5 0 13 0 12 0 5
5 0c 0 0 5 0c 12 13 13 0 13 0 12 0 5
5 5 5 0 5 5 5 5 5 0 13 0 12 0 5
5 13 0 0c 0c 0 13 13 0 0 13 0 12 0 5
5 13 0 13 13 0 5 5 0 13 13 0 12 0 5
5 0c 0 13 5 0c 0 0c 0 0c 0 0c 12 0 5
5 12 12 5 5 5 12 5 5 5 5 5 12 12 5
5 0 0c 0 13 0 0 13 13 13 0 0c 0c 0 5
5 13 13 0 13 12 0 5 5 5 0 13 13 0 5
5 0c 12 0 0c 12 0 0c 0c 0 0c 0c 12 0 5
5 5 5 5 5 5 5 5 5 5 5 5 5 5 5
